SensorC, 0.02340000122785568, -0.02340000122785568, 0.8SensorB, -9.75000SSensorD, -0.039853126327216166, -0.0012187499596620897, 0.7988906502723694
SensorD, -0.027300000889226794, -0.002193750100559555, 0.8014500252902508
SensorD, -0.03046875089785317, -0.004996875184588134, 0.8001093929633498
SensorD, -0.027665625922963955, -0.005606250189885031, 0.7998656462877989
SensorD, -0.028031250985804945, -0.004753125183924568, 0.7970625190064311
SensorD, -0.031200001059914936, -0.0031687501395936124, 0.8034000210464001
SensorD, -0.030225000955397263, -0.005118750181281939, 0.7981593972072005
SensorD, -0.030956250993767753, -0.0035343751587788574, 0.7996218949556351
SensorD, -0.02803125100035686, -0.004875000202446245, 0.7971843965351582
SensorD, -0.025350000927574, -0.00597187520179432, 0.8042531479150057
SensorD, -0.026934375942801125, -0.0031687501177657396, 0.7942593991756439
SensorD, -0.029128125999704935, -0.004387500186567195, 0.7986468970775604
SensorD, -0.029006251003011126, -0.0039000001634121872, 0.7987687746062875
SensorD, -0.028518750994408038, -0.0037781251667183824, 0.8075437741354108
SensorD, -0.02717812592163682, -0.0029250001171021722, 0.7981593972072005
SensorD, -0.028153126026154496, -0.001462500062189065, 0.8082750234752893
SensorD, -0.029737500961346086, -0.0059718752454500645, 0.8030343940481544
SensorD, -0.029615626015583985, -0.005118750195833854, 0.7975500207394361
SensorD, -0.027300000925606582, -0.0043875001720152795, 0.7991343969479203
SensorD, -0.027300000925606582, -0.0029250001316540875, 0.7992562735453248
SensorD, -0.027300000911054667, -0.005118750195833854, 0.7991344025358558
SensorD, -0.02815312604798237, -0.004387500179291237, 0.8013281524181366
SensorD, -0.029493750967958476, -0.0020718751693493695, 0.7959656435996294
0306987SeSensorB, -0.010115625453181565, 0.0355875011809SensorC, 0.0075562502825050615, -0.0018281250740983523, 0.8894437765702605
SensorC, 0.0098718753797SensorB, -0.009628125364542939, 0.03570937612676062SensorC, 0.007800000283168629, -0.002193750100559555, 0.8814000291749835
SensorC, 0.009384375363879371, -3.656250264612025E-4, 0.8882250273600221
SensorC, 0.009384375334775541, -0.003168750110489782, 0.8838375275954604
SensorC, 0.008896875318896491, -0.0019500000707921576, 0.8829844063147902
SensorC, 0.008287500320875552, -0.001706250084680505, 0.8827406549826264
SensorC, 0.008653125340060797, -0.00268125010188669, 0.8789625288918614
SensorC, 0.0073125002745655365, -0.0025593750979169276, 0.8835937762632966
.91893752SensorE, 0SensorB, -0.009384375356603414, 0.02961562600103207, 0.9168656SensorE, 0.SensorB, -0.012796875482308678, 0.03193125097459415, 0.9161344SensorE, 0SensorB, -0.012187500498839654, 0.029128125970601104, 0.9166219SensorE, 0.SensorB, -0.015721875577582978, 0.029128126123396214, 0.920SensorE, 0.1021SensorB, -0.01596562562190229, 0.03022500105726067, 0.909SensorE, 0.0994SensorB, -0.014015625580213964, 0.030103126002359204, 0.9SensorE, 0.102253SensorB, -0.013771875528618693, 0.02925000102550257, 0.9152812846004963
80625086417421, 0.07251562784222186, 0.9441656628623605
SensorA, 0.04143750121147604, 0.07909687756182392, 0.9513562833890319
SensorA, 0.0460687512968434, 0.08019375332514754, 0.9470906564965844
SensorA, 0.035100000903184984, 0.07263750284619162, 0.9329531565308571
SensorA, 0.04935937606933293, 0.09055312857526586, 0.9674437819048762
SensorA, 0.0457031263213139, 0.0844593784349854, 0.9579375330358744
SensorA, 0.039000001139356755, 0.07056562748766736, 0.9349031578749418
SensorA, 0.04911562647612299, 0.07909687804931308, 0.9386812848970294
SensorA, 0.0383906261267839, 0.0686156271258369, 0.9377062860876321
SensorA, 0.0535031265753787, 0.08957812876178649, 0.9575719144195318
SensorA, 0.04168125126307131, 0.07373437798378289, 0.9391687801107764
SensorA, 0.03315000102884369, 0.06654375219659414, 0.9397781612351537
SensorA, 0.03229687580460449, 0.06617812738841165, 0.9388031614944338
SensorA, 0.03205312588397646, 0.06654375266225543, 0.9346594111993909
SensorA, 0.036196876098983914, 0.06642187731631564, 0.9420937886461616
SensorA, 0.03546562592237023, 0.0699562527661328, 0.9470906602218747
SensorA, 0.03607500067300862, 0.07653750310419126, 0.9500156622380018
SensorA, 0.038025000962079496, 0.07093125296523793, 0.9355125343427061
SensorA, 0.03558750064257765, 0.07178437802940606, 0.9464812837541102
SensorA, 0.043753125966759385, 0.07921875326428561, 0.9489187849685549
SensorA, 0.03083437573513947, 0.06495937742874956, 0.9347812822088598
SensorA, 0.03424687586084473, 0.06727500221313674, 0.9412406599149108
SensorA, 0.03485625071334652, 0.07531875286076682, 0.9423375343903899
SensorA, 0.025837500666966662, 0.057768751823459745, 0.9251531595364213
SensorA, 0.04960312617913586, 0.08592187855538212, 0.9420937849208713
SensorA, 0.04253437609440879, 0.073125002978486, 0.9424594109877944
SensorA, 0.05289375124993966, 0.09067500281526007, 0.9597656605765224
SensorA, 0.0397312508575851, 0.07544062785018467, 0.9472125340253115
SensorA, 0.0394875013953424, 0.06569062779453815, 0.9308812851086259
SensorA, 0.04107187620684271, 0.07507500278006772, 0.9342937851324677
SensorA, 0.0371718761161901, 0.07178437758557264, 0.9436781592667103
SensorA, 0.040340626153920305, 0.07885312773578333, 0.9439219078049064
SensorA, 0.039365626362268806, 0.0723937528382521, 0.9380719056352973
SensorA, 0.03436875102488556, 0.06751875255577033, 0.9411187814548612
SensorA, 0.0465562513563782, 0.08494687824713763, 0.9525750307366252
SensorA, 0.03875625109503744, 0.07288125303603009, 0.9340500319376587
SensorA, 0.053015626224805594, 0.08653125342971178, 0.9475781563669443
SensorA, 0.05216250110242981, 0.08604375305003485, 0.9585469141602516
SensorA, 0.04631250118109164, 0.08129062823718412, 0.9505031574517488
SensorA, 0.04082812605338404, 0.08397187873197252, 0.9533062893897295
SensorA, 0.03558750092633999, 0.07166250258887885, 0.9400219097733498
SensorA, 0.04485000116255832, 0.08055937831522895, 0.953306283801794
SensorA, 0.03814687606063671, 0.07336875262262765, 0.9468469135463238
SensorA, 0.041315626120194786, 0.07251562755118356, 0.9442875338718295
